





                        00000000000000000000000000000      
                        00000000000000000000000000000      
                        00000000000000000000000000000      
                        00000000000000000000000000000    
                        00000000000000000000000000000   
                        00000000000000000000000000000      
                        00000000000000000000000000000         
                        000000¡blaaaaa!.bla.bla000000
                        00000000¡bla.bla.bla!00000000
