





                        00000000000000000000000000000      
                        00000000000000000000000000000      
                        00000000000000000000000000000      
                        00000000000000000000000000000    
                        00000000000000000000000000000   
                        00000000000000000000000000000      
                        00000000000000000000000000000         
                        00000000000000000000000000000      
                        000000000bla.bla.bla000000000 
