





                        00000000000000000000000000000      
                        00000000000000000000000000000      
                        00000000000000000000000000000      
                        00000000000000000000000000000    
                        00000000000000000000000000000   
                        00000000000000000000000000000      
                        00000000000000000000000000000         
                        0000blabla.bla.blablabla00000      
                        00000000bla.bla.bla0000000000
