





                        00000000000000000000000000000      
                        00000000000000000000000000000      
                        00000000000000000000000000000      
                        00000000000000000000000000000    
                        00000000000000000000000000000   
                        00000000000000000000000000000      
                        00000000000000000000000000000         
                        00000000000000000000000000000      
                        0000blablabla.blabla.bla?0000 
